<?xml version="1.0" encoding="UTF-8"?>
<qes:espresso xsi:schemaLocation="http://www.quantum-espresso.org/ns/qes/qes-1.0 http://www.quantum-espresso.org/ns/qes/qes_190304.xsd" Units="Hartree atomic units" xmlns:xsi="http://www.w3.org/2001/XMLSchema-instance" xmlns:qes="http://www.quantum-espresso.org/ns/qes/qes-1.0">
  <!--If not explicitely indicated, all quantities are expressed in Hartree atomic units-->
  <general_info>
    <xml_format NAME="QEXSD" VERSION="19.03">QEXSD_19.03</xml_format>
    <creator NAME="PWSCF" VERSION="6.4.1">XML file generated by PWSCF</creator>
    <created DATE="13Dec2022" TIME="16:52:53">This run was terminated on:  16:52:53  13 Dec 2022</created>
    <job></job>
  </general_info>
  <parallel_info>
    <nprocs>1</nprocs>
    <nthreads>1</nthreads>
    <ntasks>1</ntasks>
    <nbgrp>1</nbgrp>
    <npool>1</npool>
    <ndiag>1</ndiag>
  </parallel_info>
  <input>
    <control_variables>
      <title></title>
      <calculation>scf</calculation>
      <restart_mode>from_scratch</restart_mode>
      <prefix>pwscf</prefix>
      <pseudo_dir>.</pseudo_dir>
      <outdir>temp</outdir>
      <stress>false</stress>
      <forces>false</forces>
      <wf_collect>true</wf_collect>
      <disk_io>low</disk_io>
      <max_seconds>86400</max_seconds>
      <nstep>1</nstep>
      <etot_conv_thr>5.000000000000000e-5</etot_conv_thr>
      <forc_conv_thr>5.000000000000000e-4</forc_conv_thr>
      <press_conv_thr>5.000000000000000e-1</press_conv_thr>
      <verbosity>low</verbosity>
      <print_every>100000</print_every>
    </control_variables>
    <atomic_species ntyp="2">
      <species name="Zn">
        <mass>6.539000000000001e1</mass>
        <pseudo_file>Zn.pbe-van.UPF</pseudo_file>
      </species>
      <species name="O">
        <mass>1.599940000000000e1</mass>
        <pseudo_file>O.pbe-rrkjus.UPF</pseudo_file>
      </species>
    </atomic_species>
    <atomic_structure nat="16" alat="1.243101534461e1" bravais_index="4">
      <atomic_positions>
        <atom name="Zn" index="1">3.107754781015483e0 1.794259058378394e0 5.019715431580659e0</atom>
        <atom name="Zn" index="2">-3.779452265771286e-6 3.588523785935186e0 5.495323594431452e-3</atom>
        <atom name="O" index="3">3.107754781015483e0 1.794259058378394e0 8.822638095922386e0</atom>
        <atom name="O" index="4">-3.779452265771286e-6 3.588523785935186e0 3.808419877662290e0</atom>
        <atom name="Zn" index="5">3.779452265771286e-6 7.177043792418106e0 5.019715431580659e0</atom>
        <atom name="Zn" index="6">-3.107754781015483e0 8.971308519974897e0 5.495323594431452e-3</atom>
        <atom name="O" index="7">3.779452265771286e-6 7.177043792418106e0 8.822638095922386e0</atom>
        <atom name="O" index="8">-3.107754781015483e0 8.971308519974897e0 3.808419877662290e0</atom>
        <atom name="Zn" index="9">9.323258673868052e0 1.794259058378394e0 5.019715431580659e0</atom>
        <atom name="Zn" index="10">6.215500113400302e0 3.588523785935186e0 5.495323594431452e-3</atom>
        <atom name="O" index="11">9.323258673868052e0 1.794259058378394e0 8.822638095922386e0</atom>
        <atom name="O" index="12">6.215500113400302e0 3.588523785935186e0 3.808419877662290e0</atom>
        <atom name="Zn" index="13">6.215507672304834e0 7.177043792418106e0 5.019715431580659e0</atom>
        <atom name="Zn" index="14">3.107749111837085e0 8.971308519974897e0 5.495323594431452e-3</atom>
        <atom name="O" index="15">6.215507672304834e0 7.177043792418106e0 8.822638095922386e0</atom>
        <atom name="O" index="16">3.107749111837085e0 8.971308519974897e0 3.808419877662290e0</atom>
      </atomic_positions>
      <cell>
        <a1>1.243101534460967e1 0.000000000000000e0 0.000000000000000e0</a1>
        <a2>-6.215507672304834e0 1.076557508326690e1 0.000000000000000e0</a2>
        <a3>0.000000000000000e0 0.000000000000000e0 1.002843643652019e1</a3>
      </cell>
    </atomic_structure>
    <dft>
      <functional>PBE</functional>
      <dftU>
        <lda_plus_u_kind>0</lda_plus_u_kind>
        <Hubbard_U specie="Zn" label="3d">7.717358333434601e-1</Hubbard_U>
        <Hubbard_U specie="O" label="2p">5.144905555623067e-1</Hubbard_U>
        <U_projection_type>atomic</U_projection_type>
      </dftU>
    </dft>
    <spin>
      <lsda>false</lsda>
      <noncolin>false</noncolin>
      <spinorbit>false</spinorbit>
    </spin>
    <bands>
      <nbnd>128</nbnd>
      <tot_charge>0.000000000000000e0</tot_charge>
      <occupations>fixed</occupations>
    </bands>
    <basis>
      <gamma_only>false</gamma_only>
      <ecutwfc>1.250000000000000e1</ecutwfc>
      <ecutrho>1.125000000000000e2</ecutrho>
    </basis>
    <electron_control>
      <diagonalization>davidson</diagonalization>
      <mixing_mode>plain</mixing_mode>
      <mixing_beta>7.000000000000000e-1</mixing_beta>
      <conv_thr>5.000000000000000e-7</conv_thr>
      <mixing_ndim>8</mixing_ndim>
      <max_nstep>200</max_nstep>
      <real_space_q>false</real_space_q>
      <real_space_beta>false</real_space_beta>
      <tq_smoothing>false</tq_smoothing>
      <tbeta_smoothing>false</tbeta_smoothing>
      <diago_thr_init>0.000000000000000e0</diago_thr_init>
      <diago_full_acc>false</diago_full_acc>
      <diago_cg_maxiter>20</diago_cg_maxiter>
      <diago_ppcg_maxiter>20</diago_ppcg_maxiter>
      <diago_rmm_ndim>4</diago_rmm_ndim>
      <diago_rmm_conv>false</diago_rmm_conv>
      <diago_gs_nblock>16</diago_gs_nblock>
    </electron_control>
    <k_points_IBZ>
      <monkhorst_pack nk1="2" nk2="2" nk3="2" k1="0" k2="0" k3="0">Monkhorst-Pack</monkhorst_pack>
    </k_points_IBZ>
    <ion_control>
      <ion_dynamics>none</ion_dynamics>
      <upscale>1.000000000000000e2</upscale>
      <remove_rigid_rot>false</remove_rigid_rot>
      <refold_pos>false</refold_pos>
    </ion_control>
    <cell_control>
      <cell_dynamics>none</cell_dynamics>
      <pressure>0.000000000000000e0</pressure>
      <wmass>5.934552000048033e5</wmass>
      <cell_factor>0.000000000000000e0</cell_factor>
      <fix_volume>false</fix_volume>
      <fix_area>false</fix_area>
      <isotropic>false</isotropic>
    </cell_control>
    <symmetry_flags>
      <nosym>false</nosym>
      <nosym_evc>false</nosym_evc>
      <noinv>false</noinv>
      <no_t_rev>false</no_t_rev>
      <force_symmorphic>false</force_symmorphic>
      <use_all_frac>false</use_all_frac>
    </symmetry_flags>
  </input>
  <output>
    <convergence_info>
      <scf_conv>
        <convergence_achieved>false</convergence_achieved>
        <n_scf_steps>7</n_scf_steps>
        <scf_error>1.157207496144072e-7</scf_error>
      </scf_conv>
    </convergence_info>
    <algorithmic_info>
      <real_space_q>false</real_space_q>
      <real_space_beta>false</real_space_beta>
      <uspp>true</uspp>
      <paw>false</paw>
    </algorithmic_info>
    <atomic_species ntyp="2" pseudo_dir="./">
      <species name="Zn">
        <mass>6.539000000000001e1</mass>
        <pseudo_file>Zn.pbe-van.UPF</pseudo_file>
      </species>
      <species name="O">
        <mass>1.599940000000000e1</mass>
        <pseudo_file>O.pbe-rrkjus.UPF</pseudo_file>
      </species>
    </atomic_species>
    <atomic_structure nat="16" alat="1.243101534461e1" bravais_index="4">
      <atomic_positions>
        <atom name="Zn" index="1">3.107754781015483e0 1.794259058378394e0 5.019715431580659e0</atom>
        <atom name="Zn" index="2">-3.779452265771286e-6 3.588523785935186e0 5.495323594431452e-3</atom>
        <atom name="O" index="3">3.107754781015483e0 1.794259058378394e0 8.822638095922386e0</atom>
        <atom name="O" index="4">-3.779452265771286e-6 3.588523785935186e0 3.808419877662290e0</atom>
        <atom name="Zn" index="5">3.779452265771286e-6 7.177043792418106e0 5.019715431580659e0</atom>
        <atom name="Zn" index="6">-3.107754781015483e0 8.971308519974897e0 5.495323594431452e-3</atom>
        <atom name="O" index="7">3.779452265771286e-6 7.177043792418106e0 8.822638095922386e0</atom>
        <atom name="O" index="8">-3.107754781015483e0 8.971308519974897e0 3.808419877662290e0</atom>
        <atom name="Zn" index="9">9.323258673868052e0 1.794259058378394e0 5.019715431580659e0</atom>
        <atom name="Zn" index="10">6.215500113400302e0 3.588523785935186e0 5.495323594431452e-3</atom>
        <atom name="O" index="11">9.323258673868052e0 1.794259058378394e0 8.822638095922386e0</atom>
        <atom name="O" index="12">6.215500113400302e0 3.588523785935186e0 3.808419877662290e0</atom>
        <atom name="Zn" index="13">6.215507672304834e0 7.177043792418106e0 5.019715431580659e0</atom>
        <atom name="Zn" index="14">3.107749111837085e0 8.971308519974897e0 5.495323594431452e-3</atom>
        <atom name="O" index="15">6.215507672304834e0 7.177043792418106e0 8.822638095922386e0</atom>
        <atom name="O" index="16">3.107749111837085e0 8.971308519974897e0 3.808419877662290e0</atom>
      </atomic_positions>
      <cell>
        <a1>1.243101534460967e1 0.000000000000000e0 0.000000000000000e0</a1>
        <a2>-6.215507672304834e0 1.076557508326690e1 0.000000000000000e0</a2>
        <a3>0.000000000000000e0 0.000000000000000e0 1.002843643652019e1</a3>
      </cell>
    </atomic_structure>
    <symmetries>
      <nsym>6</nsym>
      <nrot>24</nrot>
      <space_group>0</space_group>
      <symmetry>
        <info name="identity">crystal_symmetry</info>
        <rotation rank="2" dims="3 3" order="F">
          1.000000000000000e0 0.000000000000000e0 0.000000000000000e0
          0.000000000000000e0 1.000000000000000e0 0.000000000000000e0
          0.000000000000000e0 0.000000000000000e0 1.000000000000000e0
          </rotation>
        <fractional_translation>0.000000000000000e0 0.000000000000000e0 0.000000000000000e0</fractional_translation>
        <equivalent_atoms nat="16" size="16">
          1 2 3 4 5 6 7 8
          9 10 11 12 13 14 15 16
          </equivalent_atoms>
      </symmetry>
      <symmetry>
        <info name="120 deg rotation - cryst. axis [0,0,1]">crystal_symmetry</info>
        <rotation rank="2" dims="3 3" order="F">
          0.000000000000000e0 -1.000000000000000e0 0.000000000000000e0
          1.000000000000000e0 -1.000000000000000e0 0.000000000000000e0
          0.000000000000000e0 0.000000000000000e0 1.000000000000000e0
          </rotation>
        <fractional_translation>0.000000000000000e0 0.000000000000000e0 0.000000000000000e0</fractional_translation>
        <equivalent_atoms nat="16" size="16">
          9 14 11 16 5 2 7 4
          13 10 15 12 1 6 3 8
          </equivalent_atoms>
      </symmetry>
      <symmetry>
        <info name="120 deg rotation - cryst. axis [0,0,-1]">crystal_symmetry</info>
        <rotation rank="2" dims="3 3" order="F">
          -1.000000000000000e0 1.000000000000000e0 0.000000000000000e0
          -1.000000000000000e0 0.000000000000000e0 0.000000000000000e0
          0.000000000000000e0 0.000000000000000e0 1.000000000000000e0
          </rotation>
        <fractional_translation>0.000000000000000e0 0.000000000000000e0 0.000000000000000e0</fractional_translation>
        <equivalent_atoms nat="16" size="16">
          13 6 15 8 5 14 7 16
          1 10 3 12 9 2 11 4
          </equivalent_atoms>
      </symmetry>
      <symmetry>
        <info name="inv. 180 deg rotation - cart. axis [1,0,0]">crystal_symmetry</info>
        <rotation rank="2" dims="3 3" order="F">
          -1.000000000000000e0 1.000000000000000e0 0.000000000000000e0
          0.000000000000000e0 1.000000000000000e0 0.000000000000000e0
          0.000000000000000e0 0.000000000000000e0 1.000000000000000e0
          </rotation>
        <fractional_translation>0.000000000000000e0 0.000000000000000e0 0.000000000000000e0</fractional_translation>
        <equivalent_atoms nat="16" size="16">
          9 2 11 4 5 14 7 16
          1 10 3 12 13 6 15 8
          </equivalent_atoms>
      </symmetry>
      <symmetry>
        <info name="inv. 180 deg rotation - cryst. axis [0,1,0]">crystal_symmetry</info>
        <rotation rank="2" dims="3 3" order="F">
          1.000000000000000e0 0.000000000000000e0 0.000000000000000e0
          1.000000000000000e0 -1.000000000000000e0 0.000000000000000e0
          0.000000000000000e0 0.000000000000000e0 1.000000000000000e0
          </rotation>
        <fractional_translation>0.000000000000000e0 0.000000000000000e0 0.000000000000000e0</fractional_translation>
        <equivalent_atoms nat="16" size="16">
          1 6 3 8 5 2 7 4
          13 10 15 12 9 14 11 16
          </equivalent_atoms>
      </symmetry>
      <symmetry>
        <info name="inv. 180 deg rotation - cryst. axis [1,1,0]">crystal_symmetry</info>
        <rotation rank="2" dims="3 3" order="F">
          0.000000000000000e0 -1.000000000000000e0 0.000000000000000e0
          -1.000000000000000e0 0.000000000000000e0 0.000000000000000e0
          0.000000000000000e0 0.000000000000000e0 1.000000000000000e0
          </rotation>
        <fractional_translation>0.000000000000000e0 0.000000000000000e0 0.000000000000000e0</fractional_translation>
        <equivalent_atoms nat="16" size="16">
          13 14 15 16 5 6 7 8
          9 10 11 12 1 2 3 4
          </equivalent_atoms>
      </symmetry>
      <symmetry>
        <info name="180 deg rotation - cart. axis [0,0,1]">lattice_symmetry</info>
        <rotation rank="2" dims="3 3" order="F">
          -1.000000000000000e0 0.000000000000000e0 0.000000000000000e0
          0.000000000000000e0 -1.000000000000000e0 0.000000000000000e0
          0.000000000000000e0 0.000000000000000e0 1.000000000000000e0
          </rotation>
      </symmetry>
      <symmetry>
        <info name="180 deg rotation - cart. axis [0,1,0]">lattice_symmetry</info>
        <rotation rank="2" dims="3 3" order="F">
          -1.000000000000000e0 1.000000000000000e0 0.000000000000000e0
          0.000000000000000e0 1.000000000000000e0 0.000000000000000e0
          0.000000000000000e0 0.000000000000000e0 -1.000000000000000e0
          </rotation>
      </symmetry>
      <symmetry>
        <info name="180 deg rotation - cryst. axis [1,-1,0]">lattice_symmetry</info>
        <rotation rank="2" dims="3 3" order="F">
          0.000000000000000e0 -1.000000000000000e0 0.000000000000000e0
          -1.000000000000000e0 0.000000000000000e0 0.000000000000000e0
          0.000000000000000e0 0.000000000000000e0 -1.000000000000000e0
          </rotation>
      </symmetry>
      <symmetry>
        <info name="180 deg rotation - cryst. axis [2,1,0]">lattice_symmetry</info>
        <rotation rank="2" dims="3 3" order="F">
          1.000000000000000e0 0.000000000000000e0 0.000000000000000e0
          1.000000000000000e0 -1.000000000000000e0 0.000000000000000e0
          0.000000000000000e0 0.000000000000000e0 -1.000000000000000e0
          </rotation>
      </symmetry>
      <symmetry>
        <info name="180 deg rotation - cryst. axis [0,1,0]">lattice_symmetry</info>
        <rotation rank="2" dims="3 3" order="F">
          -1.000000000000000e0 0.000000000000000e0 0.000000000000000e0
          -1.000000000000000e0 1.000000000000000e0 0.000000000000000e0
          0.000000000000000e0 0.000000000000000e0 -1.000000000000000e0
          </rotation>
      </symmetry>
      <symmetry>
        <info name="180 deg rotation - cryst. axis [1,1,0]">lattice_symmetry</info>
        <rotation rank="2" dims="3 3" order="F">
          0.000000000000000e0 1.000000000000000e0 0.000000000000000e0
          1.000000000000000e0 0.000000000000000e0 0.000000000000000e0
          0.000000000000000e0 0.000000000000000e0 -1.000000000000000e0
          </rotation>
      </symmetry>
      <symmetry>
        <info name="inversion">lattice_symmetry</info>
        <rotation rank="2" dims="3 3" order="F">
          -1.000000000000000e0 0.000000000000000e0 0.000000000000000e0
          0.000000000000000e0 -1.000000000000000e0 0.000000000000000e0
          0.000000000000000e0 0.000000000000000e0 -1.000000000000000e0
          </rotation>
      </symmetry>
      <symmetry>
        <info name="inv. 180 deg rotation - cart. axis [0,0,1]">lattice_symmetry</info>
        <rotation rank="2" dims="3 3" order="F">
          1.000000000000000e0 0.000000000000000e0 0.000000000000000e0
          0.000000000000000e0 1.000000000000000e0 0.000000000000000e0
          0.000000000000000e0 0.000000000000000e0 -1.000000000000000e0
          </rotation>
      </symmetry>
      <symmetry>
        <info name="inv. 180 deg rotation - cart. axis [0,1,0]">lattice_symmetry</info>
        <rotation rank="2" dims="3 3" order="F">
          1.000000000000000e0 -1.000000000000000e0 0.000000000000000e0
          0.000000000000000e0 -1.000000000000000e0 0.000000000000000e0
          0.000000000000000e0 0.000000000000000e0 1.000000000000000e0
          </rotation>
      </symmetry>
      <symmetry>
        <info name="180 deg rotation - cart. axis [1,0,0]">lattice_symmetry</info>
        <rotation rank="2" dims="3 3" order="F">
          1.000000000000000e0 -1.000000000000000e0 0.000000000000000e0
          0.000000000000000e0 -1.000000000000000e0 0.000000000000000e0
          0.000000000000000e0 0.000000000000000e0 -1.000000000000000e0
          </rotation>
      </symmetry>
      <symmetry>
        <info name="inv.  60 deg rotation - cryst. axis [0,0,1]">lattice_symmetry</info>
        <rotation rank="2" dims="3 3" order="F">
          -1.000000000000000e0 1.000000000000000e0 0.000000000000000e0
          -1.000000000000000e0 0.000000000000000e0 0.000000000000000e0
          0.000000000000000e0 0.000000000000000e0 -1.000000000000000e0
          </rotation>
      </symmetry>
      <symmetry>
        <info name="inv.  60 deg rotation - cryst. axis [0,0,-1]">lattice_symmetry</info>
        <rotation rank="2" dims="3 3" order="F">
          0.000000000000000e0 -1.000000000000000e0 0.000000000000000e0
          1.000000000000000e0 -1.000000000000000e0 0.000000000000000e0
          0.000000000000000e0 0.000000000000000e0 -1.000000000000000e0
          </rotation>
      </symmetry>
      <symmetry>
        <info name="inv. 120 deg rotation - cryst. axis [0,0,1]">lattice_symmetry</info>
        <rotation rank="2" dims="3 3" order="F">
          0.000000000000000e0 1.000000000000000e0 0.000000000000000e0
          -1.000000000000000e0 1.000000000000000e0 0.000000000000000e0
          0.000000000000000e0 0.000000000000000e0 -1.000000000000000e0
          </rotation>
      </symmetry>
      <symmetry>
        <info name="inv. 120 deg rotation - cryst. axis [0,0,-1]">lattice_symmetry</info>
        <rotation rank="2" dims="3 3" order="F">
          1.000000000000000e0 -1.000000000000000e0 0.000000000000000e0
          1.000000000000000e0 0.000000000000000e0 0.000000000000000e0
          0.000000000000000e0 0.000000000000000e0 -1.000000000000000e0
          </rotation>
      </symmetry>
      <symmetry>
        <info name="inv. 180 deg rotation - cryst. axis [1,-1,0]">lattice_symmetry</info>
        <rotation rank="2" dims="3 3" order="F">
          0.000000000000000e0 1.000000000000000e0 0.000000000000000e0
          1.000000000000000e0 0.000000000000000e0 0.000000000000000e0
          0.000000000000000e0 0.000000000000000e0 1.000000000000000e0
          </rotation>
      </symmetry>
      <symmetry>
        <info name="inv. 180 deg rotation - cryst. axis [2,1,0]">lattice_symmetry</info>
        <rotation rank="2" dims="3 3" order="F">
          -1.000000000000000e0 0.000000000000000e0 0.000000000000000e0
          -1.000000000000000e0 1.000000000000000e0 0.000000000000000e0
          0.000000000000000e0 0.000000000000000e0 1.000000000000000e0
          </rotation>
      </symmetry>
      <symmetry>
        <info name=" 60 deg rotation - cryst. axis [0,0,1]">lattice_symmetry</info>
        <rotation rank="2" dims="3 3" order="F">
          1.000000000000000e0 -1.000000000000000e0 0.000000000000000e0
          1.000000000000000e0 0.000000000000000e0 0.000000000000000e0
          0.000000000000000e0 0.000000000000000e0 1.000000000000000e0
          </rotation>
      </symmetry>
      <symmetry>
        <info name=" 60 deg rotation - cryst. axis [0,0,-1]">lattice_symmetry</info>
        <rotation rank="2" dims="3 3" order="F">
          0.000000000000000e0 1.000000000000000e0 0.000000000000000e0
          -1.000000000000000e0 1.000000000000000e0 0.000000000000000e0
          0.000000000000000e0 0.000000000000000e0 1.000000000000000e0
          </rotation>
      </symmetry>
    </symmetries>
    <basis_set>
      <gamma_only>false</gamma_only>
      <ecutwfc>1.250000000000000e1</ecutwfc>
      <ecutrho>1.125000000000000e2</ecutrho>
      <fft_grid nr1="60" nr2="60" nr3="48"></fft_grid>
      <fft_smooth nr1="40" nr2="40" nr3="32"></fft_smooth>
      <fft_box nr1="60" nr2="60" nr3="48"></fft_box>
      <ngm>76445</ngm>
      <ngms>22735</ngms>
      <npwx>2856</npwx>
      <reciprocal_lattice>
        <b1>1.000000000000000e0 5.773502691895849e-1 0.000000000000000e0</b1>
        <b2>0.000000000000000e0 1.154700538379170e0 0.000000000000000e0</b2>
        <b3>0.000000000000000e0 0.000000000000000e0 1.239576620273535e0</b3>
      </reciprocal_lattice>
    </basis_set>
    <dft>
      <functional>PBE</functional>
      <dftU>
        <lda_plus_u_kind>0</lda_plus_u_kind>
        <Hubbard_U specie="Zn" label="3d">7.717358333434601e-1</Hubbard_U>
        <Hubbard_U specie="O" label="2p">5.144905555623067e-1</Hubbard_U>
        <Hubbard_ns specie="Zn" label="3d" spin="1" index="1" rank="2" dims="5 5" order="F">
          9.992750441691175e-1 2.824129944278885e-8 1.630505848009888e-8 7.570366015280281e-9 1.311258956714573e-8
          2.824129944278885e-8 9.997495768895764e-1 -1.357925862162877e-9 -1.306351218816323e-8 -3.404524788483020e-4
          1.630505848009888e-8 -1.357925862162877e-9 9.997495784572200e-1 -3.404373943624455e-4 -1.306367360234303e-8
          7.570366015280281e-9 -1.306351218816323e-8 -3.404373943624455e-4 9.995163242051476e-1 -3.106050531359594e-8
          1.311258956714573e-8 -3.404524788483020e-4 -1.306367360234303e-8 -3.106050531359594e-8 9.995162883387499e-1
          </Hubbard_ns>
        <Hubbard_ns specie="Zn" label="3d" spin="1" index="2" rank="2" dims="5 5" order="F">
          9.992751746286114e-1 -8.396639765423092e-14 -1.289302136578286e-8 4.891508782381083e-9 -1.237674048784164e-13
          -8.396639765423092e-14 9.997495417808123e-1 -8.683318902529436e-14 1.258754709599704e-13 3.404804456264076e-4
          -1.289302136578286e-8 -8.683318902529436e-14 9.997495436420618e-1 3.404685935791987e-4 -3.563139348114577e-14
          4.891508782381083e-9 1.258754709599704e-13 3.404685935791987e-4 9.995163410814239e-1 2.928837727900202e-13
          -1.237674048784164e-13 3.404804456264076e-4 -3.563139348114577e-14 2.928837727900202e-13 9.995163129145645e-1
          </Hubbard_ns>
        <Hubbard_ns specie="O" label="2p" spin="1" index="3" rank="2" dims="5 5" order="F">
          9.536313537196417e-1 -6.366837030426076e-8 -3.675897250244968e-8 0.000000000000000e0 0.000000000000000e0
          -6.366837030426076e-8 9.538260155820137e-1 3.805648126076200e-7 0.000000000000000e0 0.000000000000000e0
          -3.675897250244968e-8 3.805648126076200e-7 9.538255761435362e-1 0.000000000000000e0 0.000000000000000e0
          0.000000000000000e0 0.000000000000000e0 0.000000000000000e0 0.000000000000000e0 0.000000000000000e0
          0.000000000000000e0 0.000000000000000e0 0.000000000000000e0 0.000000000000000e0 0.000000000000000e0
          </Hubbard_ns>
        <Hubbard_ns specie="O" label="2p" spin="1" index="4" rank="2" dims="5 5" order="F">
          9.536453644075953e-1 6.380813821102310e-15 2.680946560628583e-9 0.000000000000000e0 0.000000000000000e0
          6.380813821102310e-15 9.538383533022095e-1 3.046174423815273e-14 0.000000000000000e0 0.000000000000000e0
          2.680946560628583e-9 3.046174423815273e-14 9.538374943111002e-1 0.000000000000000e0 0.000000000000000e0
          0.000000000000000e0 0.000000000000000e0 0.000000000000000e0 0.000000000000000e0 0.000000000000000e0
          0.000000000000000e0 0.000000000000000e0 0.000000000000000e0 0.000000000000000e0 0.000000000000000e0
          </Hubbard_ns>
        <Hubbard_ns specie="Zn" label="3d" spin="1" index="5" rank="2" dims="5 5" order="F">
          9.992750351526892e-1 -8.388295067056653e-14 -1.117852897319159e-13 -2.625229681202903e-13 -1.237063412148023e-13
          -8.388295067056653e-14 9.997495608476038e-1 -8.674324321990984e-14 1.257595007283617e-13 -3.404525489250391e-4
          -1.117852897319159e-13 -8.674324321990984e-14 9.997495608473496e-1 -3.404525490289541e-4 -3.565469983121706e-14
          -2.625229681202903e-13 1.257595007283617e-13 -3.404525490289541e-4 9.995162942276377e-1 2.927033615485186e-13
          -1.237063412148023e-13 -3.404525489250391e-4 -3.565469983121706e-14 2.927033615485186e-13 9.995162942271595e-1
          </Hubbard_ns>
        <Hubbard_ns specie="Zn" label="3d" spin="1" index="6" rank="2" dims="5 5" order="F">
          9.992751746286114e-1 -1.116567104099500e-8 6.446342743753258e-9 -2.446148303321305e-9 4.236274526247732e-9
          -1.116567104099500e-8 9.997495431769400e-1 -8.061416047294209e-10 5.132167897630346e-9 3.404715566688787e-4
          6.446342743753258e-9 -8.061416047294209e-10 9.997495422459341e-1 3.404774825367276e-4 5.132006390777483e-9
          -2.446148303321305e-9 5.132167897630346e-9 3.404774825367276e-4 9.995163199566379e-1 -1.219610799851889e-8
          4.236274526247732e-9 3.404715566688787e-4 5.132006390777483e-9 -1.219610799851889e-8 9.995163340393507e-1
          </Hubbard_ns>
        <Hubbard_ns specie="O" label="2p" spin="1" index="7" rank="2" dims="5 5" order="F">
          9.536368932349928e-1 6.364661453825954e-15 -1.809393829304468e-14 0.000000000000000e0 0.000000000000000e0
          6.364661453825954e-15 9.538317511011455e-1 3.044092755644101e-14 0.000000000000000e0 0.000000000000000e0
          -1.809393829304468e-14 3.044092755644101e-14 9.538317511010270e-1 0.000000000000000e0 0.000000000000000e0
          0.000000000000000e0 0.000000000000000e0 0.000000000000000e0 0.000000000000000e0 0.000000000000000e0
          0.000000000000000e0 0.000000000000000e0 0.000000000000000e0 0.000000000000000e0 0.000000000000000e0
          </Hubbard_ns>
        <Hubbard_ns specie="O" label="2p" spin="1" index="8" rank="2" dims="5 5" order="F">
          9.536453644075953e-1 2.321789878825494e-9 -1.340500422155562e-9 0.000000000000000e0 0.000000000000000e0
          2.321789878825494e-9 9.538377090589663e-1 3.719540404012456e-7 0.000000000000000e0 0.000000000000000e0
          -1.340500422155562e-9 3.719540404012456e-7 9.538381385543431e-1 0.000000000000000e0 0.000000000000000e0
          0.000000000000000e0 0.000000000000000e0 0.000000000000000e0 0.000000000000000e0 0.000000000000000e0
          0.000000000000000e0 0.000000000000000e0 0.000000000000000e0 0.000000000000000e0 0.000000000000000e0
          </Hubbard_ns>
        <Hubbard_ns specie="Zn" label="3d" spin="1" index="9" rank="2" dims="5 5" order="F">
          9.992750441691175e-1 -2.824146720869168e-8 1.630505848010430e-8 7.570366015261071e-9 -1.311283697981616e-8
          -2.824146720869168e-8 9.997495768895764e-1 1.357752382615363e-9 1.306376370716643e-8 -3.404524788483018e-4
          1.630505848010430e-8 1.357752382615363e-9 9.997495784572202e-1 -3.404373943624456e-4 1.306360229296390e-8
          7.570366015261071e-9 1.306376370716643e-8 -3.404373943624456e-4 9.995163242051479e-1 3.106109069256346e-8
          -1.311283697981616e-8 -3.404524788483018e-4 1.306360229296390e-8 3.106109069256346e-8 9.995162883387493e-1
          </Hubbard_ns>
        <Hubbard_ns specie="Zn" label="3d" spin="1" index="10" rank="2" dims="5 5" order="F">
          9.992751619493967e-1 -8.396639555408623e-14 -1.119594259817607e-13 -2.626080841278297e-13 -1.237674079216935e-13
          -8.396639555408623e-14 9.997495565819939e-1 -8.681237096944404e-14 1.258754601898707e-13 3.404670183009446e-4
          -1.119594259817607e-13 -8.681237096944404e-14 9.997495565817399e-1 3.404670181971076e-4 -3.563139535846602e-14
          -2.626080841278297e-13 1.258754601898707e-13 3.404670181971076e-4 9.995163326361846e-1 2.928698950022124e-13
          -1.237674079216935e-13 3.404670183009446e-4 -3.563139535846602e-14 2.928698950022124e-13 9.995163326357064e-1
          </Hubbard_ns>
        <Hubbard_ns specie="O" label="2p" spin="1" index="11" rank="2" dims="5 5" order="F">
          9.536313537196415e-1 6.366838303352623e-8 -3.675897250246297e-8 0.000000000000000e0 0.000000000000000e0
          6.366838303352623e-8 9.538260155820137e-1 -3.805647516633148e-7 0.000000000000000e0 0.000000000000000e0
          -3.675897250246297e-8 -3.805647516633148e-7 9.538255761435362e-1 0.000000000000000e0 0.000000000000000e0
          0.000000000000000e0 0.000000000000000e0 0.000000000000000e0 0.000000000000000e0 0.000000000000000e0
          0.000000000000000e0 0.000000000000000e0 0.000000000000000e0 0.000000000000000e0 0.000000000000000e0
          </Hubbard_ns>
        <Hubbard_ns specie="O" label="2p" spin="1" index="12" rank="2" dims="5 5" order="F">
          9.536365308206646e-1 6.380746085091287e-15 -1.809437872293939e-14 0.000000000000000e0 0.000000000000000e0
          6.380746085091287e-15 9.538286507268456e-1 3.048949981376836e-14 0.000000000000000e0 0.000000000000000e0
          -1.809437872293939e-14 3.048949981376836e-14 9.538286507267269e-1 0.000000000000000e0 0.000000000000000e0
          0.000000000000000e0 0.000000000000000e0 0.000000000000000e0 0.000000000000000e0 0.000000000000000e0
          0.000000000000000e0 0.000000000000000e0 0.000000000000000e0 0.000000000000000e0 0.000000000000000e0
          </Hubbard_ns>
        <Hubbard_ns specie="Zn" label="3d" spin="1" index="13" rank="2" dims="5 5" order="F">
          9.992750441691175e-1 -8.388295425972942e-14 -3.261045231608620e-8 -1.514151959945906e-8 -1.237063531351247e-13
          -8.388295425972942e-14 9.997495792414229e-1 -8.672936565707625e-14 1.257595045142191e-13 -3.404298519636448e-4
          -3.261045231608620e-8 -8.672936565707625e-14 9.997495761053736e-1 -3.404600212471026e-4 -3.565470200799012e-14
          -1.514151959945906e-8 1.257595045142191e-13 -3.404600212471026e-4 9.995162704062677e-1 2.927033615485186e-13
          -1.237063531351247e-13 -3.404298519636448e-4 -3.565470200799012e-14 2.927033615485186e-13 9.995163421376297e-1
          </Hubbard_ns>
        <Hubbard_ns specie="Zn" label="3d" spin="1" index="14" rank="2" dims="5 5" order="F">
          9.992751746286114e-1 1.116550310820433e-8 6.446342743753808e-9 -2.446148303320349e-9 -4.236522061063579e-9
          1.116550310820433e-8 9.997495431769401e-1 8.059679522304435e-10 -5.131916146694469e-9 3.404715566688787e-4
          6.446342743753808e-9 8.059679522304435e-10 9.997495422459341e-1 3.404774825367276e-4 -5.132077653557090e-9
          -2.446148303320349e-9 -5.131916146694469e-9 3.404774825367276e-4 9.995163199566383e-1 1.219669375912558e-8
          -4.236522061063579e-9 3.404715566688787e-4 -5.132077653557090e-9 1.219669375912558e-8 9.995163340393505e-1
          </Hubbard_ns>
        <Hubbard_ns specie="O" label="2p" spin="1" index="15" rank="2" dims="5 5" order="F">
          9.536313537196415e-1 6.364607438682667e-15 7.351789072345771e-8 0.000000000000000e0 0.000000000000000e0
          6.364607438682667e-15 9.538253564244753e-1 3.048256091986445e-14 0.000000000000000e0 0.000000000000000e0
          7.351789072345771e-8 3.048256091986445e-14 9.538262353010746e-1 0.000000000000000e0 0.000000000000000e0
          0.000000000000000e0 0.000000000000000e0 0.000000000000000e0 0.000000000000000e0 0.000000000000000e0
          0.000000000000000e0 0.000000000000000e0 0.000000000000000e0 0.000000000000000e0 0.000000000000000e0
          </Hubbard_ns>
        <Hubbard_ns specie="O" label="2p" spin="1" index="16" rank="2" dims="5 5" order="F">
          9.536453644075953e-1 -2.321777117229040e-9 -1.340500422154277e-9 0.000000000000000e0 0.000000000000000e0
          -2.321777117229040e-9 9.538377090589661e-1 -3.719539794638793e-7 0.000000000000000e0 0.000000000000000e0
          -1.340500422154277e-9 -3.719539794638793e-7 9.538381385543431e-1 0.000000000000000e0 0.000000000000000e0
          0.000000000000000e0 0.000000000000000e0 0.000000000000000e0 0.000000000000000e0 0.000000000000000e0
          0.000000000000000e0 0.000000000000000e0 0.000000000000000e0 0.000000000000000e0 0.000000000000000e0
          </Hubbard_ns>
        <U_projection_type>atomic</U_projection_type>
      </dftU>
    </dft>
    <magnetization>
      <lsda>false</lsda>
      <noncolin>false</noncolin>
      <spinorbit>false</spinorbit>
      <total>0.000000000000000e0</total>
      <absolute>0.000000000000000e0</absolute>
      <do_magnetization>false</do_magnetization>
    </magnetization>
    <total_energy>
      <etot>-6.338318612123911e2</etot>
      <eband>-1.198540695054060e1</eband>
      <ehart>2.446596381776772e2</ehart>
      <vtxc>-1.338362761892898e2</vtxc>
      <etxc>-1.028195882107545e2</etxc>
      <ewald>-4.292394798167423e2</ewald>
    </total_energy>
    <band_structure>
      <lsda>false</lsda>
      <noncolin>false</noncolin>
      <spinorbit>false</spinorbit>
      <nbnd>128</nbnd>
      <nelec>1.440000000000000e2</nelec>
      <num_of_atomic_wfc>80</num_of_atomic_wfc>
      <wf_collected>true</wf_collected>
      <highestOccupiedLevel>1.576076700147168e-1</highestOccupiedLevel>
      <lowestUnoccupiedLevel>2.772555821612021e-1</lowestUnoccupiedLevel>
      <starting_k_points>
        <monkhorst_pack nk1="2" nk2="2" nk3="2" k1="0" k2="0" k3="0">Monkhorst-Pack</monkhorst_pack>
      </starting_k_points>
      <nks>4</nks>
      <occupations_kind>fixed</occupations_kind>
      <ks_energies>
        <k_point weight="2.500000000000e-1">0.000000000000000e0 0.000000000000000e0 0.000000000000000e0</k_point>
        <npw>2835</npw>
        <eigenvalues size="128">
          -3.859649980071358e-1 -3.805024770369514e-1 -3.805003144788449e-1 -3.804969833204889e-1 -3.801305275310091e-1
          -3.756944898760430e-1 -3.756919109168637e-1 -3.756892134592396e-1 -1.490401630263962e-1 -1.490396713203274e-1
          -1.490393589908911e-1 -1.435505863224557e-1 -1.435502186303844e-1 -1.424443095650300e-1 -1.361671152560183e-1
          -1.361669962651139e-1 -1.349870701948240e-1 -1.349864532108597e-1 -1.349854210914957e-1 -1.297353770390603e-1
          -1.297344102155853e-1 -1.297340449254974e-1 -1.211797012842431e-1 -1.211792036457599e-1 -1.211782638620314e-1
          -1.126042806197003e-1 -1.126035732173527e-1 -1.126026455599094e-1 -1.100236972049935e-1 -1.100234822158741e-1
          -1.082895242682997e-1 -1.082887190445136e-1 -1.082881782567533e-1 -1.020809101730010e-1 -1.020800814810392e-1
          -1.020795395047432e-1 -1.012127777109135e-1 -1.012126357715699e-1 -9.922160145051134e-2 -9.922083737433312e-2
          -9.922027254855282e-2 -9.534598682257581e-2 -9.398247972593811e-2 -9.398160999522105e-2 -9.398085593306112e-2
          -8.223274136778173e-2 -8.223246466428778e-2 -8.223239490853375e-2 -4.405105930971592e-2 -1.985755193757609e-2
          -1.985705649855219e-2 -1.985674397764128e-2 1.396234371197555e-2 1.396390971313396e-2 1.396556264123014e-2
          4.233516636015645e-2 4.233645114435711e-2 4.233969300224928e-2 7.035121459939148e-2 7.035197803979756e-2
          7.035341515709844e-2 1.062708671187303e-1 1.062734984924414e-1 1.062748078758176e-1 1.258510703159930e-1
          1.258520837586490e-1 1.258534527132500e-1 1.270228430825501e-1 1.270242616150981e-1 1.550620596911946e-1
          1.576069382157413e-1 1.576076700147168e-1 2.772555821612021e-1 4.328461633620837e-1 4.517572332995005e-1
          4.517593921282713e-1 4.517621253002701e-1 4.988606352573476e-1 4.988626659338004e-1 4.988645155163610e-1
          5.212471173502569e-1 5.212500642215845e-1 5.212507467118293e-1 5.458766473881509e-1 5.472757086838335e-1
          5.472758615400615e-1 5.472769188581425e-1 6.300086546550010e-1 6.300100736144611e-1 6.300125103977248e-1
          6.998849383195045e-1 6.998883185366078e-1 6.998895931980780e-1 7.117436895160716e-1 7.117456765163032e-1
          7.223198855373293e-1 7.223202029826750e-1 7.223203356641575e-1 7.492114199588524e-1 7.561671136437957e-1
          7.561688975435070e-1 7.612953344016280e-1 7.612957934499486e-1 7.612965626954898e-1 8.146729620164603e-1
          8.146739325455346e-1 8.146754983460674e-1 8.453065158060866e-1 9.051701084713248e-1 9.051728166974682e-1
          9.111924226321907e-1 9.111936012324605e-1 9.111948446993757e-1 9.313953430787873e-1 9.313961939564814e-1
          9.313971041920222e-1 9.635161459780996e-1 9.654656894334062e-1 9.654680082900413e-1 9.885724706550725e-1
          9.885726973825546e-1 9.885738583028248e-1 1.002000567479650e0 1.075801534929592e0 1.075804869926661e0
          1.075806114274632e0 1.079211735838137e0 1.141458068747934e0
          </eigenvalues>
        <occupations size="128">
          1.000000000000000e0 1.000000000000000e0 1.000000000000000e0 1.000000000000000e0 1.000000000000000e0
          1.000000000000000e0 1.000000000000000e0 1.000000000000000e0 1.000000000000000e0 1.000000000000000e0
          1.000000000000000e0 1.000000000000000e0 1.000000000000000e0 1.000000000000000e0 1.000000000000000e0
          1.000000000000000e0 1.000000000000000e0 1.000000000000000e0 1.000000000000000e0 1.000000000000000e0
          1.000000000000000e0 1.000000000000000e0 1.000000000000000e0 1.000000000000000e0 1.000000000000000e0
          1.000000000000000e0 1.000000000000000e0 1.000000000000000e0 1.000000000000000e0 1.000000000000000e0
          1.000000000000000e0 1.000000000000000e0 1.000000000000000e0 1.000000000000000e0 1.000000000000000e0
          1.000000000000000e0 1.000000000000000e0 1.000000000000000e0 1.000000000000000e0 1.000000000000000e0
          1.000000000000000e0 1.000000000000000e0 1.000000000000000e0 1.000000000000000e0 1.000000000000000e0
          1.000000000000000e0 1.000000000000000e0 1.000000000000000e0 1.000000000000000e0 1.000000000000000e0
          1.000000000000000e0 1.000000000000000e0 1.000000000000000e0 1.000000000000000e0 1.000000000000000e0
          1.000000000000000e0 1.000000000000000e0 1.000000000000000e0 1.000000000000000e0 1.000000000000000e0
          1.000000000000000e0 1.000000000000000e0 1.000000000000000e0 1.000000000000000e0 1.000000000000000e0
          1.000000000000000e0 1.000000000000000e0 1.000000000000000e0 1.000000000000000e0 1.000000000000000e0
          1.000000000000000e0 1.000000000000000e0 0.000000000000000e0 0.000000000000000e0 0.000000000000000e0
          0.000000000000000e0 0.000000000000000e0 0.000000000000000e0 0.000000000000000e0 0.000000000000000e0
          0.000000000000000e0 0.000000000000000e0 0.000000000000000e0 0.000000000000000e0 0.000000000000000e0
          0.000000000000000e0 0.000000000000000e0 0.000000000000000e0 0.000000000000000e0 0.000000000000000e0
          0.000000000000000e0 0.000000000000000e0 0.000000000000000e0 0.000000000000000e0 0.000000000000000e0
          0.000000000000000e0 0.000000000000000e0 0.000000000000000e0 0.000000000000000e0 0.000000000000000e0
          0.000000000000000e0 0.000000000000000e0 0.000000000000000e0 0.000000000000000e0 0.000000000000000e0
          0.000000000000000e0 0.000000000000000e0 0.000000000000000e0 0.000000000000000e0 0.000000000000000e0
          0.000000000000000e0 0.000000000000000e0 0.000000000000000e0 0.000000000000000e0 0.000000000000000e0
          0.000000000000000e0 0.000000000000000e0 0.000000000000000e0 0.000000000000000e0 0.000000000000000e0
          0.000000000000000e0 0.000000000000000e0 0.000000000000000e0 0.000000000000000e0 0.000000000000000e0
          0.000000000000000e0 0.000000000000000e0 0.000000000000000e0
          </occupations>
      </ks_energies>
      <ks_energies>
